   7.0000000e+02	   5.1671944e-01	   6.8173415e+01	   2.5918156e-01	   6.8130222e+01	   2.9579017e-02	   3.1575193e+01	   3.4496868e-01	   3.1042950e+02	   1.7494567e-01	   9.3128850e+02	
   7.0100000e+02	   5.1478198e-01	   6.8053461e+01	   2.5702834e-01	   6.8086286e+01	   2.9481140e-02	   3.1476294e+01	   3.4138015e-01	   3.0961631e+02	   1.7310822e-01	   9.2884894e+02	
   7.0200000e+02	   5.1307365e-01	   6.7933889e+01	   2.5537489e-01	   6.8042441e+01	   2.9539867e-02	   3.1377844e+01	   3.3842378e-01	   3.0880641e+02	   1.7165595e-01	   9.2641924e+02	
   7.0300000e+02	   5.1158929e-01	   6.7814697e+01	   2.5397397e-01	   6.7998687e+01	   2.9794348e-02	   3.1279842e+01	   3.3573236e-01	   3.0799978e+02	   1.7042251e-01	   9.2399934e+02	
   7.0400000e+02	   5.1000053e-01	   6.7695883e+01	   2.5246360e-01	   6.7955023e+01	   2.9892226e-02	   3.1182285e+01	   3.3293062e-01	   3.0719640e+02	   1.6906482e-01	   9.2158919e+02	
   7.0500000e+02	   5.0840755e-01	   6.7577445e+01	   2.5102383e-01	   6.7911449e+01	   2.9970528e-02	   3.1085170e+01	   3.3024783e-01	   3.0639624e+02	   1.6775797e-01	   9.1918873e+02	
   7.0600000e+02	   5.0696240e-01	   6.7459382e+01	   2.4980350e-01	   6.7867964e+01	   3.0166282e-02	   3.0988495e+01	   3.2782796e-01	   3.0559931e+02	   1.6663440e-01	   9.1679792e+02	
   7.0700000e+02	   5.0585037e-01	   6.7341692e+01	   2.4892509e-01	   6.7824569e+01	   3.0616519e-02	   3.0892256e+01	   3.2573484e-01	   3.0480556e+02	   1.6578647e-01	   9.1441669e+02	
   7.0800000e+02	   5.0441947e-01	   6.7224373e+01	   2.4771354e-01	   6.7781263e+01	   3.0733972e-02	   3.0796451e+01	   3.2331937e-01	   3.0401500e+02	   1.6463056e-01	   9.1204500e+02	
   7.0900000e+02	   5.0295103e-01	   6.7107424e+01	   2.4659089e-01	   6.7738046e+01	   3.0792699e-02	   3.0701079e+01	   3.2106844e-01	   3.0322760e+02	   1.6353100e-01	   9.0968280e+02	
   7.1000000e+02	   5.0181197e-01	   6.6990843e+01	   2.4579351e-01	   6.7694917e+01	   3.1145058e-02	   3.0606135e+01	   3.1913138e-01	   3.0244334e+02	   1.6271792e-01	   9.0733003e+02	
   7.1100000e+02	   5.0086069e-01	   6.6874627e+01	   2.4519270e-01	   6.7651876e+01	   3.1595294e-02	   3.0511618e+01	   3.1736809e-01	   3.0166222e+02	   1.6203491e-01	   9.0498665e+02	
   7.1200000e+02	   4.9966601e-01	   6.6758777e+01	   2.4434426e-01	   6.7608923e+01	   3.1732323e-02	   3.0417525e+01	   3.1535629e-01	   3.0088420e+02	   1.6108947e-01	   9.0265260e+02	
   7.1300000e+02	   4.9867095e-01	   6.6643289e+01	   2.4367765e-01	   6.7566057e+01	   3.2123832e-02	   3.0323854e+01	   3.1353469e-01	   3.0010928e+02	   1.6035139e-01	   9.0032783e+02	
   7.1400000e+02	   4.9766986e-01	   6.6528162e+01	   2.4298755e-01	   6.7523279e+01	   3.2515343e-02	   3.0230602e+01	   3.1169265e-01	   2.9933743e+02	   1.5960309e-01	   8.9801229e+02	
   7.1500000e+02	   4.9679207e-01	   6.6413395e+01	   2.4246401e-01	   6.7480587e+01	   3.2946004e-02	   3.0137766e+01	   3.1002567e-01	   2.9856865e+02	   1.5895960e-01	   8.9570594e+02	
   7.1600000e+02	   4.9589654e-01	   6.6298986e+01	   2.4198252e-01	   6.7437982e+01	   3.3298362e-02	   3.0045345e+01	   3.0844144e-01	   2.9780291e+02	   1.5832294e-01	   8.9340873e+02	
   7.1700000e+02	   4.9497482e-01	   6.6184933e+01	   2.4144890e-01	   6.7395464e+01	   3.3670297e-02	   2.9953336e+01	   3.0681405e-01	   2.9704020e+02	   1.5767333e-01	   8.9112059e+02	
   7.1800000e+02	   4.9424008e-01	   6.6071235e+01	   2.4109421e-01	   6.7353031e+01	   3.4218411e-02	   2.9861736e+01	   3.0536255e-01	   2.9628050e+02	   1.5718940e-01	   8.8884150e+02	
   7.1900000e+02	   4.9364725e-01	   6.5957890e+01	   2.4104383e-01	   6.7310685e+01	   3.4805676e-02	   2.9770543e+01	   3.0428285e-01	   2.9552380e+02	   1.5690864e-01	   8.8657139e+02	
   7.2000000e+02	   4.9266609e-01	   6.5844897e+01	   2.4060493e-01	   6.7268423e+01	   3.4981855e-02	   2.9679755e+01	   3.0283219e-01	   2.9477008e+02	   1.5626103e-01	   8.8431023e+02	
   7.2100000e+02	   4.9207610e-01	   6.5732254e+01	   2.4054467e-01	   6.7226247e+01	   3.5588696e-02	   2.9589369e+01	   3.0174762e-01	   2.9401932e+02	   1.5598647e-01	   8.8205796e+02	
   7.2200000e+02	   4.9150000e-01	   6.5619959e+01	   2.4062183e-01	   6.7184155e+01	   3.6175961e-02	   2.9499383e+01	   3.0086861e-01	   2.9327151e+02	   1.5580605e-01	   8.7981453e+02	
   7.2300000e+02	   4.9095666e-01	   6.5508011e+01	   2.4084720e-01	   6.7142149e+01	   3.6743651e-02	   2.9409794e+01	   3.0019603e-01	   2.9252663e+02	   1.5572021e-01	   8.7757990e+02	
   7.2400000e+02	   4.9020249e-01	   6.5396408e+01	   2.4086692e-01	   6.7100226e+01	   3.7037283e-02	   2.9320601e+01	   2.9932166e-01	   2.9178468e+02	   1.5541257e-01	   8.7535403e+02	
   7.2500000e+02	   4.8994726e-01	   6.5285149e+01	   2.4142925e-01	   6.7058387e+01	   3.7839879e-02	   2.9231801e+01	   2.9900908e-01	   2.9104562e+02	   1.5561037e-01	   8.7313686e+02	
   7.2600000e+02	   4.8951155e-01	   6.5174233e+01	   2.4209929e-01	   6.7016632e+01	   3.8466294e-02	   2.9143392e+01	   2.9897679e-01	   2.9030945e+02	   1.5587058e-01	   8.7092835e+02	
   7.2700000e+02	   4.8929654e-01	   6.5063657e+01	   2.4299550e-01	   6.6974961e+01	   3.9308041e-02	   2.9055371e+01	   2.9917453e-01	   2.8957615e+02	   1.5634081e-01	   8.6872846e+02	
   7.2800000e+02	   4.8904477e-01	   6.4953420e+01	   2.4385230e-01	   6.6933373e+01	   4.0051910e-02	   2.8967737e+01	   2.9932678e-01	   2.8884571e+02	   1.5674511e-01	   8.6653714e+02	
   7.2900000e+02	   4.8885637e-01	   6.4843521e+01	   2.4512918e-01	   6.6891867e+01	   4.0854505e-02	   2.8880487e+01	   3.0009889e-01	   2.8811811e+02	   1.5748525e-01	   8.6435434e+02	
   7.3000000e+02	   4.8882910e-01	   6.4733958e+01	   2.4668558e-01	   6.6850444e+01	   4.1833281e-02	   2.8793618e+01	   3.0122263e-01	   2.8739334e+02	   1.5847894e-01	   8.6218002e+02	
   7.3100000e+02	   4.8896478e-01	   6.4624730e+01	   2.4838731e-01	   6.6809104e+01	   4.2968659e-02	   2.8707129e+01	   3.0249429e-01	   2.8667138e+02	   1.5961567e-01	   8.6001413e+02	
   7.3200000e+02	   4.8909371e-01	   6.4515836e+01	   2.5029925e-01	   6.6767845e+01	   4.4064887e-02	   2.8621018e+01	   3.0409522e-01	   2.8595221e+02	   1.6089977e-01	   8.5785664e+02	
   7.3300000e+02	   4.8932098e-01	   6.4407273e+01	   2.5262458e-01	   6.6726668e+01	   4.5278568e-02	   2.8535282e+01	   3.0629129e-01	   2.8523583e+02	   1.6253325e-01	   8.5570749e+02	
   7.3400000e+02	   4.8936860e-01	   6.4299040e+01	   2.5475458e-01	   6.6685573e+01	   4.6257343e-02	   2.8449919e+01	   3.0828481e-01	   2.8452222e+02	   1.6396182e-01	   8.5356665e+02	
   7.3500000e+02	   4.8934090e-01	   6.4191136e+01	   2.5682785e-01	   6.6644559e+01	   4.7138241e-02	   2.8364928e+01	   3.1023766e-01	   2.8381135e+02	   1.6532688e-01	   8.5143406e+02	
   7.3600000e+02	   4.8922568e-01	   6.4083560e+01	   2.5941608e-01	   6.6603626e+01	   4.7882110e-02	   2.8280305e+01	   3.1302758e-01	   2.8310323e+02	   1.6705002e-01	   8.4930969e+02	
   7.3700000e+02	   4.8898316e-01	   6.3976309e+01	   2.6186190e-01	   6.6562773e+01	   4.8469375e-02	   2.8196049e+01	   3.1567279e-01	   2.8239783e+02	   1.6863171e-01	   8.4719350e+02	
   7.3800000e+02	   4.8870556e-01	   6.3869383e+01	   2.6427554e-01	   6.6522001e+01	   4.8939187e-02	   2.8112158e+01	   3.1827658e-01	   2.8169515e+02	   1.7014087e-01	   8.4508544e+02	
   7.3900000e+02	   4.8825099e-01	   6.3762780e+01	   2.6692573e-01	   6.6481309e+01	   4.9252395e-02	   2.8028629e+01	   3.2136136e-01	   2.8099515e+02	   1.7182144e-01	   8.4298546e+02	
   7.4000000e+02	   4.8795348e-01	   6.3656499e+01	   2.6992749e-01	   6.6440697e+01	   4.9722207e-02	   2.7945462e+01	   3.2490661e-01	   2.8029785e+02	   1.7380134e-01	   8.4089354e+02	
   7.4100000e+02	   4.8720470e-01	   6.3550539e+01	   2.7247752e-01	   6.6400164e+01	   4.9643905e-02	   2.7862652e+01	   3.2800142e-01	   2.7960321e+02	   1.7531420e-01	   8.3880962e+02	
   7.4200000e+02	   4.8662186e-01	   6.3444897e+01	   2.7535231e-01	   6.6359711e+01	   4.9741782e-02	   2.7780200e+01	   3.3151285e-01	   2.7891122e+02	   1.7711309e-01	   8.3673366e+02	
   7.4300000e+02	   4.8606592e-01	   6.3339573e+01	   2.7862424e-01	   6.6319337e+01	   4.9839660e-02	   2.7698102e+01	   3.3562315e-01	   2.7822188e+02	   1.7921142e-01	   8.3466563e+02	
   7.4400000e+02	   4.8554507e-01	   6.3234565e+01	   2.8193526e-01	   6.6279042e+01	   4.9937537e-02	   2.7616356e+01	   3.3977316e-01	   2.7753516e+02	   1.8132961e-01	   8.3260548e+02	
   7.4500000e+02	   4.8468230e-01	   6.3129871e+01	   2.8487164e-01	   6.6238825e+01	   4.9683056e-02	   2.7534961e+01	   3.4354825e-01	   2.7685106e+02	   1.8310489e-01	   8.3055317e+02	
   7.4600000e+02	   4.8404378e-01	   6.3025491e+01	   2.8844114e-01	   6.6198687e+01	   4.9663481e-02	   2.7453915e+01	   3.4817700e-01	   2.7616956e+02	   1.8541062e-01	   8.2850867e+02	
   7.4700000e+02	   4.8342207e-01	   6.2921424e+01	   2.9204830e-01	   6.6158626e+01	   4.9604754e-02	   2.7373215e+01	   3.5284828e-01	   2.7549064e+02	   1.8772035e-01	   8.2647192e+02	
   7.4800000e+02	   4.8280963e-01	   6.2817666e+01	   2.9565860e-01	   6.6118644e+01	   4.9526452e-02	   2.7292860e+01	   3.5752006e-01	   2.7481430e+02	   1.9002170e-01	   8.2444290e+02	
   7.4900000e+02	   4.8243091e-01	   6.2714219e+01	   2.9955584e-01	   6.6078738e+01	   4.9683056e-02	   2.7212847e+01	   3.6250829e-01	   2.7414052e+02	   1.9258490e-01	   8.2242156e+02	
   7.5000000e+02	   4.8162278e-01	   6.2611079e+01	   3.0305449e-01	   6.6038911e+01	   4.9369848e-02	   2.7133176e+01	   3.6712714e-01	   2.7346929e+02	   1.9475615e-01	   8.2040786e+02	
   7.5100000e+02	   4.8127012e-01	   6.2508246e+01	   3.0699228e-01	   6.5999160e+01	   4.9565603e-02	   2.7053843e+01	   3.7219091e-01	   2.7280059e+02	   1.9737440e-01	   8.1840176e+02	
   7.5200000e+02	   4.8075447e-01	   6.2405718e+01	   3.1065999e-01	   6.5959486e+01	   4.9565603e-02	   2.6974848e+01	   3.7693178e-01	   2.7213441e+02	   1.9974483e-01	   8.1640323e+02	
   7.5300000e+02	   4.8026575e-01	   6.2303495e+01	   3.1404444e-01	   6.5919888e+01	   4.9585179e-02	   2.6896188e+01	   3.8122635e-01	   2.7147074e+02	   2.0190075e-01	   8.1441223e+02	
   7.5400000e+02	   4.7971755e-01	   6.2201574e+01	   3.1735556e-01	   6.5880367e+01	   4.9526452e-02	   2.6817861e+01	   3.8544530e-01	   2.7080957e+02	   2.0398432e-01	   8.1242872e+02	
   7.5500000e+02	   4.7912629e-01	   6.2099955e+01	   3.2061378e-01	   6.5840922e+01	   4.9389424e-02	   2.6739865e+01	   3.8960641e-01	   2.7015088e+02	   2.0600442e-01	   8.1045265e+02	
   7.5600000e+02	   4.7863049e-01	   6.1998636e+01	   3.2294442e-01	   6.5801553e+01	   4.9213244e-02	   2.6662200e+01	   3.9223997e-01	   2.6949467e+02	   2.0724348e-01	   8.0848400e+02	
   7.5700000e+02	   4.7825615e-01	   6.1897616e+01	   3.2524676e-01	   6.5762259e+01	   4.9369848e-02	   2.6584861e+01	   3.9482149e-01	   2.6884091e+02	   2.0860333e-01	   8.0652272e+02	
   7.5800000e+02	   4.7775584e-01	   6.1796893e+01	   3.2744736e-01	   6.5723040e+01	   4.9232819e-02	   2.6507849e+01	   3.9728375e-01	   2.6818959e+02	   2.0977400e-01	   8.0456878e+02	
   7.5900000e+02	   4.7709666e-01	   6.1696467e+01	   3.2856325e-01	   6.5683897e+01	   4.9017489e-02	   2.6431161e+01	   3.9819263e-01	   2.6754071e+02	   2.1013344e-01	   8.0262214e+02	
   7.6000000e+02	   4.7674165e-01	   6.1596336e+01	   3.2936364e-01	   6.5644828e+01	   4.8958763e-02	   2.6354796e+01	   3.9840957e-01	   2.6689426e+02	   2.1021601e-01	   8.0068277e+02	
   7.6100000e+02	   4.7638220e-01	   6.1496499e+01	   3.3013091e-01	   6.5605834e+01	   4.8997913e-02	   2.6278751e+01	   3.9862401e-01	   2.6625021e+02	   2.1034050e-01	   7.9875062e+02	
   7.6200000e+02	   4.7574565e-01	   6.1396954e+01	   3.3025387e-01	   6.5566914e+01	   4.8684706e-02	   2.6203025e+01	   3.9799270e-01	   2.6560855e+02	   2.0988666e-01	   7.9682566e+02	
   7.6300000e+02	   4.7527202e-01	   6.1297701e+01	   3.2942110e-01	   6.5528068e+01	   4.8508526e-02	   2.6127616e+01	   3.9579415e-01	   2.6496929e+02	   2.0870966e-01	   7.9490786e+02	
   7.6400000e+02	   4.7491248e-01	   6.1198738e+01	   3.2869414e-01	   6.5489297e+01	   4.8488951e-02	   2.6052523e+01	   3.9371129e-01	   2.6433239e+02	   2.0765959e-01	   7.9299717e+02	
   7.6500000e+02	   4.7447544e-01	   6.1100064e+01	   3.2786812e-01	   6.5450598e+01	   4.8371497e-02	   2.5977743e+01	   3.9152248e-01	   2.6369786e+02	   2.0651337e-01	   7.9109357e+02	
   7.6600000e+02	   4.7421349e-01	   6.1001677e+01	   3.2630679e-01	   6.5411973e+01	   4.8449800e-02	   2.5903275e+01	   3.8811569e-01	   2.6306567e+02	   2.0484452e-01	   7.8919702e+02	
   7.6700000e+02	   4.7379273e-01	   6.0903577e+01	   3.2452355e-01	   6.5373422e+01	   4.8254045e-02	   2.5829117e+01	   3.8443606e-01	   2.6243583e+02	   2.0291835e-01	   7.8730748e+02	
   7.6800000e+02	   4.7324708e-01	   6.0805763e+01	   3.2257481e-01	   6.5334943e+01	   4.8019139e-02	   2.5755267e+01	   3.8060220e-01	   2.6180830e+02	   2.0089778e-01	   7.8542491e+02	
   7.6900000e+02	   4.7276933e-01	   6.0708232e+01	   3.2048806e-01	   6.5296537e+01	   4.7823383e-02	   2.5681725e+01	   3.7651613e-01	   2.6118310e+02	   1.9876838e-01	   7.8354929e+02	
   7.7000000e+02	   4.7248189e-01	   6.0610984e+01	   3.1842448e-01	   6.5258203e+01	   4.7842959e-02	   2.5608488e+01	   3.7236960e-01	   2.6056019e+02	   1.9670375e-01	   7.8168057e+02	
   7.7100000e+02	   4.7208248e-01	   6.0514018e+01	   3.1626456e-01	   6.5219941e+01	   4.7647204e-02	   2.5535554e+01	   3.6811723e-01	   2.5993958e+02	   1.9449120e-01	   7.7981873e+02	
   7.7200000e+02	   4.7171856e-01	   6.0417332e+01	   3.1416815e-01	   6.5181752e+01	   4.7510176e-02	   2.5462922e+01	   3.6395530e-01	   2.5932124e+02	   1.9234979e-01	   7.7796373e+02	
   7.7300000e+02	   4.7117455e-01	   6.0320926e+01	   3.1198975e-01	   6.5143634e+01	   4.7196967e-02	   2.5390590e+01	   3.5977866e-01	   2.5870518e+02	   1.9012329e-01	   7.7611553e+02	
   7.7400000e+02	   4.7089718e-01	   6.0224798e+01	   3.1007358e-01	   6.5105588e+01	   4.7157816e-02	   2.5318557e+01	   3.5586161e-01	   2.5809137e+02	   1.8814749e-01	   7.7427411e+02	
   7.7500000e+02	   4.7081729e-01	   6.0128947e+01	   3.0835056e-01	   6.5067613e+01	   4.7314421e-02	   2.5246821e+01	   3.5213506e-01	   2.5747981e+02	   1.8635331e-01	   7.7243942e+02	
   7.7600000e+02	   4.7024908e-01	   6.0033372e+01	   3.0650155e-01	   6.5029709e+01	   4.6903335e-02	   2.5175380e+01	   3.4847329e-01	   2.5687048e+02	   1.8434106e-01	   7.7061144e+02	
   7.7700000e+02	   4.6980013e-01	   5.9938071e+01	   3.0477799e-01	   6.4991876e+01	   4.6590127e-02	   2.5104233e+01	   3.4493759e-01	   2.5626338e+02	   1.8243503e-01	   7.6879013e+02	
   7.7800000e+02	   4.6951624e-01	   5.9843044e+01	   3.0321207e-01	   6.4954114e+01	   4.6492249e-02	   2.5033378e+01	   3.4156941e-01	   2.5565848e+02	   1.8070775e-01	   7.6697545e+02	
   7.7900000e+02	   4.6944305e-01	   5.9748290e+01	   3.0222360e-01	   6.4916422e+01	   4.6511825e-02	   2.4962814e+01	   3.3895342e-01	   2.5505580e+02	   1.7940840e-01	   7.6516739e+02	
   7.8000000e+02	   4.6912335e-01	   5.9653807e+01	   3.0115189e-01	   6.4878800e+01	   4.6355221e-02	   2.4892538e+01	   3.3637567e-01	   2.5445530e+02	   1.7805043e-01	   7.6336590e+02	
   7.8100000e+02	   4.6865909e-01	   5.9559594e+01	   2.9993456e-01	   6.4841248e+01	   4.6061589e-02	   2.4822551e+01	   3.3366995e-01	   2.5385698e+02	   1.7656803e-01	   7.6157095e+02	
   7.8200000e+02	   4.6833108e-01	   5.9465650e+01	   2.9899117e-01	   6.4803766e+01	   4.5885409e-02	   2.4752849e+01	   3.3130998e-01	   2.5326083e+02	   1.7531032e-01	   7.5978250e+02	
   7.8300000e+02	   4.6817381e-01	   5.9371974e+01	   2.9854251e-01	   6.4766353e+01	   4.5865834e-02	   2.4683432e+01	   3.2961760e-01	   2.5266685e+02	   1.7445549e-01	   7.5800054e+02	
   7.8400000e+02	   4.6772240e-01	   5.9278565e+01	   2.9779001e-01	   6.4729010e+01	   4.5513474e-02	   2.4614297e+01	   3.2762270e-01	   2.5207501e+02	   1.7330259e-01	   7.5622502e+02	
   7.8500000e+02	   4.6746485e-01	   5.9185421e+01	   2.9725168e-01	   6.4691736e+01	   4.5278568e-02	   2.4545444e+01	   3.2583336e-01	   2.5148531e+02	   1.7230428e-01	   7.5445592e+02	
   7.8600000e+02	   4.6703833e-01	   5.9092542e+01	   2.9694765e-01	   6.4654531e+01	   4.4984936e-02	   2.4476871e+01	   3.2453793e-01	   2.5089773e+02	   1.7152703e-01	   7.5269320e+02	
   7.8700000e+02	   4.6665087e-01	   5.8999927e+01	   2.9668226e-01	   6.4617394e+01	   4.4652153e-02	   2.4408576e+01	   3.2326600e-01	   2.5031228e+02	   1.7074424e-01	   7.5093683e+02	
   7.8800000e+02	   4.6668472e-01	   5.8907574e+01	   2.9684302e-01	   6.4580326e+01	   4.4769605e-02	   2.4340558e+01	   3.2242216e-01	   2.4972893e+02	   1.7037414e-01	   7.4918678e+02	
   7.8900000e+02	   4.6650075e-01	   5.8815483e+01	   2.9700249e-01	   6.4543326e+01	   4.4613001e-02	   2.4272816e+01	   3.2169380e-01	   2.4914767e+02	   1.6994087e-01	   7.4744302e+02	
   7.9000000e+02	   4.6611923e-01	   5.8723652e+01	   2.9703839e-01	   6.4506394e+01	   4.4280218e-02	   2.4205348e+01	   3.2090030e-01	   2.4856851e+02	   1.6939731e-01	   7.4570552e+02	
   7.9100000e+02	   4.6585279e-01	   5.8632081e+01	   2.9717970e-01	   6.4469530e+01	   4.4045312e-02	   2.4138152e+01	   3.2019553e-01	   2.4799142e+02	   1.6894128e-01	   7.4397425e+02	
   7.9200000e+02	   4.6574990e-01	   5.8540767e+01	   2.9759184e-01	   6.4432733e+01	   4.4006161e-02	   2.4071227e+01	   3.1982852e-01	   2.4741639e+02	   1.6874051e-01	   7.4224918e+02	
   7.9300000e+02	   4.6549960e-01	   5.8449711e+01	   2.9798508e-01	   6.4396004e+01	   4.3810406e-02	   2.4004572e+01	   3.1952102e-01	   2.4684343e+02	   1.6850040e-01	   7.4053028e+02	
   7.9400000e+02	   4.6539087e-01	   5.8358911e+01	   2.9852797e-01	   6.4359342e+01	   4.3673377e-02	   2.3938185e+01	   3.1934768e-01	   2.4627251e+02	   1.6835327e-01	   7.3881752e+02	
   7.9500000e+02	   4.6500547e-01	   5.8268365e+01	   2.9881078e-01	   6.4322747e+01	   4.3242717e-02	   2.3872065e+01	   3.1893430e-01	   2.4570362e+02	   1.6795658e-01	   7.3711087e+02	
   7.9600000e+02	   4.6475821e-01	   5.8178074e+01	   2.9936167e-01	   6.4286219e+01	   4.3066537e-02	   2.3806210e+01	   3.1889816e-01	   2.4513677e+02	   1.6786079e-01	   7.3541030e+02	
   7.9700000e+02	   4.6466965e-01	   5.8088036e+01	   3.0008373e-01	   6.4249758e+01	   4.2968659e-02	   2.3740619e+01	   3.1901999e-01	   2.4457193e+02	   1.6787852e-01	   7.3371578e+02	
   7.9800000e+02	   4.6458813e-01	   5.7998250e+01	   3.0080579e-01	   6.4213362e+01	   4.2870782e-02	   2.3675291e+01	   3.1914181e-01	   2.4400909e+02	   1.6789625e-01	   7.3202728e+02	
   7.9900000e+02	   4.6434239e-01	   5.7908715e+01	   3.0147583e-01	   6.4177033e+01	   4.2616301e-02	   2.3610224e+01	   3.1928579e-01	   2.4344826e+02	   1.6785597e-01	   7.3034477e+02	
   8.0000000e+02	   4.6442274e-01	   5.7819430e+01	   3.0247544e-01	   6.4140770e+01	   4.2714178e-02	   2.3545417e+01	   3.1976261e-01	   2.4288941e+02	   1.6813756e-01	   7.2866823e+02	
   8.0100000e+02	   4.6428837e-01	   5.7730394e+01	   3.0325832e-01	   6.4104573e+01	   4.2616301e-02	   2.3480869e+01	   3.2005075e-01	   2.4233254e+02	   1.6823845e-01	   7.2699762e+02	
   8.0200000e+02	   4.6401287e-01	   5.7641605e+01	   3.0397529e-01	   6.4068441e+01	   4.2322668e-02	   2.3416577e+01	   3.2031034e-01	   2.4177764e+02	   1.6823870e-01	   7.2533293e+02	
   8.0300000e+02	   4.6406332e-01	   5.7553064e+01	   3.0506416e-01	   6.4032374e+01	   4.2381395e-02	   2.3352542e+01	   3.2096808e-01	   2.4122470e+02	   1.6859348e-01	   7.2367411e+02	
   8.0400000e+02	   4.6399136e-01	   5.7464769e+01	   3.0602615e-01	   6.3996373e+01	   4.2303093e-02	   2.3288761e+01	   3.2150256e-01	   2.4067371e+02	   1.6882617e-01	   7.2202114e+02	
   8.0500000e+02	   4.6393512e-01	   5.7376718e+01	   3.0702907e-01	   6.3960437e+01	   4.2244366e-02	   2.3225233e+01	   3.2209765e-01	   2.4012466e+02	   1.6909781e-01	   7.2037399e+02	
   8.0600000e+02	   4.6391661e-01	   5.7288912e+01	   3.0815586e-01	   6.3924565e+01	   4.2166064e-02	   2.3161957e+01	   3.2283036e-01	   2.3957755e+02	   1.6942962e-01	   7.1873264e+02	
   8.0700000e+02	   4.6387919e-01	   5.7201348e+01	   3.0924247e-01	   6.3888758e+01	   4.2068187e-02	   2.3098932e+01	   3.2351732e-01	   2.3903235e+02	   1.6972992e-01	   7.1709706e+02	
   8.0800000e+02	   4.6399706e-01	   5.7114027e+01	   3.1047651e-01	   6.3853015e+01	   4.2185639e-02	   2.3036155e+01	   3.2436290e-01	   2.3848907e+02	   1.7020453e-01	   7.1546722e+02	
   8.0900000e+02	   4.6418978e-01	   5.7026947e+01	   3.1187167e-01	   6.3817337e+01	   4.2361819e-02	   2.2973627e+01	   3.2541518e-01	   2.3794770e+02	   1.7080839e-01	   7.1384310e+02	
   8.1000000e+02	   4.6431912e-01	   5.6940106e+01	   3.1319242e-01	   6.3781722e+01	   4.2440121e-02	   2.2911345e+01	   3.2638582e-01	   2.3740822e+02	   1.7132826e-01	   7.1222465e+02	
   8.1100000e+02	   4.6453299e-01	   5.6853505e+01	   3.1459582e-01	   6.3746171e+01	   4.2635876e-02	   2.2849309e+01	   3.2745538e-01	   2.3687062e+02	   1.7194940e-01	   7.1061187e+02	
   8.1200000e+02	   4.6466765e-01	   5.6767142e+01	   3.1596897e-01	   6.3710684e+01	   4.2753329e-02	   2.2787517e+01	   3.2852948e-01	   2.3633491e+02	   1.7253827e-01	   7.0900472e+02	
   8.1300000e+02	   4.6488676e-01	   5.6681016e+01	   3.1742674e-01	   6.3675260e+01	   4.2968659e-02	   2.2725968e+01	   3.2969412e-01	   2.3580106e+02	   1.7321558e-01	   7.0740318e+02	
   8.1400000e+02	   4.6482757e-01	   5.6595127e+01	   3.1861064e-01	   6.3639900e+01	   4.2870782e-02	   2.2664660e+01	   3.3059309e-01	   2.3526907e+02	   1.7362189e-01	   7.0580722e+02	
   8.1500000e+02	   4.6525597e-01	   5.6509473e+01	   3.2030453e-01	   6.3604602e+01	   4.3262292e-02	   2.2603592e+01	   3.3200332e-01	   2.3473894e+02	   1.7449973e-01	   7.0421681e+02	
   8.1600000e+02	   4.6550567e-01	   5.6424053e+01	   3.2183075e-01	   6.3569367e+01	   4.3477623e-02	   2.2542764e+01	   3.3327296e-01	   2.3421064e+02	   1.7522955e-01	   7.0263193e+02	
   8.1700000e+02	   4.6583141e-01	   5.6338867e+01	   3.2343139e-01	   6.3534195e+01	   4.3790831e-02	   2.2482174e+01	   3.3462426e-01	   2.3368418e+02	   1.7604338e-01	   7.0105254e+02	
   8.1800000e+02	   4.6603490e-01	   5.6253914e+01	   3.2490624e-01	   6.3499086e+01	   4.3986586e-02	   2.2421820e+01	   3.3585831e-01	   2.3315955e+02	   1.7674677e-01	   6.9947864e+02	
   8.1900000e+02	   4.6600420e-01	   5.6169192e+01	   3.2618378e-01	   6.3464038e+01	   4.3947435e-02	   2.2361702e+01	   3.3692790e-01	   2.3263673e+02	   1.7726429e-01	   6.9791018e+02	
   8.2000000e+02	   4.6657200e-01	   5.6084701e+01	   3.2806290e-01	   6.3429053e+01	   4.4495549e-02	   2.2301818e+01	   3.3858259e-01	   2.3211572e+02	   1.7833345e-01	   6.9634715e+02	
   8.2100000e+02	   4.6680362e-01	   5.6000439e+01	   3.2960437e-01	   6.3394129e+01	   4.4671728e-02	   2.2242167e+01	   3.3990438e-01	   2.3159651e+02	   1.7907207e-01	   6.9478952e+02	
   8.2200000e+02	   4.6689708e-01	   5.5916407e+01	   3.3100496e-01	   6.3359268e+01	   4.4750030e-02	   2.2182748e+01	   3.4110372e-01	   2.3107909e+02	   1.7970629e-01	   6.9323726e+02	
   8.2300000e+02	   4.6748912e-01	   5.5832603e+01	   3.3290048e-01	   6.3324467e+01	   4.5396022e-02	   2.2123560e+01	   3.4280161e-01	   2.3056345e+02	   1.8084023e-01	   6.9169035e+02	
   8.2400000e+02	   4.6810127e-01	   5.5749025e+01	   3.3482161e-01	   6.3289729e+01	   4.5983286e-02	   2.2064601e+01	   3.4451224e-01	   2.3004959e+02	   1.8195463e-01	   6.9014877e+02	
   8.2500000e+02	   4.6848955e-01	   5.5665674e+01	   3.3651658e-01	   6.3255051e+01	   4.6394372e-02	   2.2005870e+01	   3.4602009e-01	   2.2953749e+02	   1.8288991e-01	   6.8861248e+02	
   8.2600000e+02	   4.6987763e-01	   5.5582549e+01	   3.3924233e-01	   6.3220434e+01	   4.7842959e-02	   2.1947367e+01	   3.4854712e-01	   2.2902716e+02	   1.8479251e-01	   6.8708147e+02	
   8.2700000e+02	   4.7069401e-01	   5.5499648e+01	   3.4137205e-01	   6.3185878e+01	   4.8665130e-02	   2.1889090e+01	   3.5047518e-01	   2.2851857e+02	   1.8611926e-01	   6.8555571e+02	
   8.2800000e+02	   4.7204333e-01	   5.5416970e+01	   3.4403971e-01	   6.3151383e+01	   5.0094142e-02	   2.1831037e+01	   3.5294938e-01	   2.2801173e+02	   1.8798681e-01	   6.8403518e+02	
   8.2900000e+02	   4.7294408e-01	   5.5334515e+01	   3.4623550e-01	   6.3116948e+01	   5.1092492e-02	   2.1773209e+01	   3.5496362e-01	   2.2750661e+02	   1.8943438e-01	   6.8251984e+02	
   8.3000000e+02	   4.7429805e-01	   5.5252282e+01	   3.4889513e-01	   6.3082573e+01	   5.2560654e-02	   2.1715603e+01	   3.5744099e-01	   2.2700323e+02	   1.9132079e-01	   6.8100969e+02	
   8.3100000e+02	   4.7520525e-01	   5.5170271e+01	   3.5109844e-01	   6.3048259e+01	   5.3559005e-02	   2.1658218e+01	   3.5948606e-01	   2.2650156e+02	   1.9278377e-01	   6.7950469e+02	
   8.3200000e+02	   4.7655810e-01	   5.5088479e+01	   3.5374378e-01	   6.3014004e+01	   5.5046743e-02	   2.1601054e+01	   3.6197182e-01	   2.2600160e+02	   1.9468300e-01	   6.7800481e+02	
   8.3300000e+02	   4.7752672e-01	   5.5006906e+01	   3.5600519e-01	   6.2979809e+01	   5.6064669e-02	   2.1544109e+01	   3.6406970e-01	   2.2550335e+02	   1.9618103e-01	   6.7651005e+02	
   8.3400000e+02	   4.7792185e-01	   5.4925552e+01	   3.5769802e-01	   6.2945674e+01	   5.6417028e-02	   2.1487383e+01	   3.6560227e-01	   2.2500679e+02	   1.9710276e-01	   6.7502036e+02	
   8.3500000e+02	   4.7873777e-01	   5.4844416e+01	   3.5979377e-01	   6.2911598e+01	   5.7258774e-02	   2.1430873e+01	   3.6753581e-01	   2.2451191e+02	   1.9844089e-01	   6.7353574e+02	
   8.3600000e+02	   4.7946271e-01	   5.4763496e+01	   3.6178201e-01	   6.2877581e+01	   5.8061370e-02	   2.1374579e+01	   3.6935900e-01	   2.2401872e+02	   1.9970658e-01	   6.7205615e+02	
   8.3700000e+02	   4.7952614e-01	   5.4682792e+01	   3.6311735e-01	   6.2843623e+01	   5.8061370e-02	   2.1318501e+01	   3.7052498e-01	   2.2352719e+02	   2.0028957e-01	   6.7058158e+02	
   8.3800000e+02	   4.7988936e-01	   5.4602304e+01	   3.6474742e-01	   6.2809724e+01	   5.8413729e-02	   2.1262636e+01	   3.7199062e-01	   2.2303733e+02	   2.0117784e-01	   6.6911200e+02	
   8.3900000e+02	   4.8021434e-01	   5.4522029e+01	   3.6634857e-01	   6.2775884e+01	   5.8707361e-02	   2.1206984e+01	   3.7343292e-01	   2.2254913e+02	   2.0202853e-01	   6.6764738e+02	
   8.4000000e+02	   4.8064079e-01	   5.4441968e+01	   3.6804000e-01	   6.2742102e+01	   5.9138022e-02	   2.1151543e+01	   3.7496947e-01	   2.2206257e+02	   2.0298680e-01	   6.6618771e+02	
   8.4100000e+02	   4.8103550e-01	   5.4362120e+01	   3.6969379e-01	   6.2708379e+01	   5.9490382e-02	   2.1096313e+01	   3.7645941e-01	   2.2157765e+02	   2.0388723e-01	   6.6473296e+02	
   8.4200000e+02	   4.8094511e-01	   5.4282483e+01	   3.7085593e-01	   6.2674713e+01	   5.9333777e-02	   2.1041293e+01	   3.7746889e-01	   2.2109437e+02	   2.0432288e-01	   6.6328311e+02	
   8.4300000e+02	   4.8109578e-01	   5.4203058e+01	   3.7224024e-01	   6.2641106e+01	   5.9509957e-02	   2.0986481e+01	   3.7870980e-01	   2.2061271e+02	   2.0502106e-01	   6.6183814e+02	
   8.4400000e+02	   4.8127561e-01	   5.4123842e+01	   3.7366679e-01	   6.2607557e+01	   5.9666561e-02	   2.0931877e+01	   3.7999093e-01	   2.2013267e+02	   2.0573071e-01	   6.6039802e+02	
   8.4500000e+02	   4.8154694e-01	   5.4044836e+01	   3.7520086e-01	   6.2574065e+01	   5.9921043e-02	   2.0877480e+01	   3.8139107e-01	   2.1965425e+02	   2.0654305e-01	   6.5896274e+02	
   8.4600000e+02	   4.8179999e-01	   5.3966038e+01	   3.7670340e-01	   6.2540631e+01	   6.0175524e-02	   2.0823287e+01	   3.8276690e-01	   2.1917742e+02	   2.0734324e-01	   6.5753227e+02	
   8.4700000e+02	   4.8194698e-01	   5.3887449e+01	   3.7809319e-01	   6.2507254e+01	   6.0332128e-02	   2.0769300e+01	   3.8403624e-01	   2.1870220e+02	   2.0804700e-01	   6.5610659e+02	
   8.4800000e+02	   4.8245195e-01	   5.3809066e+01	   3.7983332e-01	   6.2473934e+01	   6.0860667e-02	   2.0715515e+01	   3.8564736e-01	   2.1822856e+02	   2.0908574e-01	   6.5468567e+02	
   8.4900000e+02	   4.8277116e-01	   5.3730889e+01	   3.8139506e-01	   6.2440671e+01	   6.1154299e-02	   2.0661933e+01	   3.8708204e-01	   2.1775650e+02	   2.0993262e-01	   6.5326951e+02	
   8.5000000e+02	   4.8302107e-01	   5.3652918e+01	   3.8285223e-01	   6.2407465e+01	   6.1447931e-02	   2.0608553e+01	   3.8841715e-01	   2.1728602e+02	   2.1072972e-01	   6.5185806e+02	
   8.5100000e+02	   4.8292870e-01	   5.3575152e+01	   3.8401298e-01	   6.2374316e+01	   6.1350054e-02	   2.0555373e+01	   3.8948517e-01	   2.1681711e+02	   2.1122055e-01	   6.5045133e+02	
   8.5200000e+02	   4.8341124e-01	   5.3497589e+01	   3.8573527e-01	   6.2341223e+01	   6.1898168e-02	   2.0502392e+01	   3.9111011e-01	   2.1634976e+02	   2.1227484e-01	   6.4904927e+02	
   8.5300000e+02	   4.8330391e-01	   5.3420229e+01	   3.8686540e-01	   6.2308187e+01	   6.1800291e-02	   2.0449610e+01	   3.9215146e-01	   2.1588396e+02	   2.1275233e-01	   6.4765187e+02	
   8.5400000e+02	   4.8327876e-01	   5.3343072e+01	   3.8808329e-01	   6.2275207e+01	   6.1780715e-02	   2.0397025e+01	   3.9328385e-01	   2.1541971e+02	   2.1330989e-01	   6.4625912e+02	
   8.5500000e+02	   4.8341081e-01	   5.3266116e+01	   3.8946921e-01	   6.2242282e+01	   6.1859017e-02	   2.0344637e+01	   3.9457370e-01	   2.1495700e+02	   2.1398936e-01	   6.4487099e+02	
   8.5600000e+02	   4.8374124e-01	   5.3189361e+01	   3.9101386e-01	   6.2209414e+01	   6.2348405e-02	   2.0292444e+01	   3.9605506e-01	   2.1449582e+02	   2.1494594e-01	   6.4348745e+02	
   8.5700000e+02	   4.8377742e-01	   5.3112806e+01	   3.9229110e-01	   6.2176601e+01	   6.2367980e-02	   2.0240446e+01	   3.9725282e-01	   2.1403616e+02	   2.1555346e-01	   6.4210849e+02	
   8.5800000e+02	   4.8389873e-01	   5.3036450e+01	   3.9366047e-01	   6.2143844e+01	   6.2544160e-02	   2.0188642e+01	   3.9856573e-01	   2.1357803e+02	   2.1628764e-01	   6.4073409e+02	
   8.5900000e+02	   4.8392110e-01	   5.2960293e+01	   3.9492196e-01	   6.2111143e+01	   6.2602886e-02	   2.0137030e+01	   3.9976848e-01	   2.1312141e+02	   2.1691493e-01	   6.3936423e+02	
   8.6000000e+02	   4.8402701e-01	   5.2884334e+01	   3.9625648e-01	   6.2078496e+01	   6.2779065e-02	   2.0085610e+01	   4.0104820e-01	   2.1266630e+02	   2.1763251e-01	   6.3799889e+02	
   8.6100000e+02	   4.8431278e-01	   5.2808571e+01	   3.9777956e-01	   6.2045905e+01	   6.3170576e-02	   2.0034381e+01	   4.0251502e-01	   2.1221268e+02	   2.1853865e-01	   6.3663804e+02	
   8.6200000e+02	   4.8425847e-01	   5.2733005e+01	   3.9895405e-01	   6.2013368e+01	   6.3190151e-02	   1.9983342e+01	   4.0363589e-01	   2.1176056e+02	   2.1910772e-01	   6.3528167e+02	
   8.6300000e+02	   4.8432811e-01	   5.2657635e+01	   4.0025573e-01	   6.1980886e+01	   6.3307604e-02	   1.9932492e+01	   4.0487867e-01	   2.1130992e+02	   2.1978092e-01	   6.3392976e+02	
   8.6400000e+02	   4.8411615e-01	   5.2582459e+01	   4.0130253e-01	   6.1948459e+01	   6.3072698e-02	   1.9881830e+01	   4.0587637e-01	   2.1086076e+02	   2.2017614e-01	   6.3258229e+02	
   8.6500000e+02	   4.8468980e-01	   5.2507477e+01	   4.0311511e-01	   6.1916086e+01	   6.3816567e-02	   1.9831355e+01	   4.0765537e-01	   2.1041308e+02	   2.2139382e-01	   6.3123923e+02	
   8.6600000e+02	   4.8435075e-01	   5.2432689e+01	   4.0400269e-01	   6.1883768e+01	   6.3562086e-02	   1.9781066e+01	   4.0851792e-01	   2.0996686e+02	   2.2171282e-01	   6.2990057e+02	
   8.6700000e+02	   4.8471302e-01	   5.2358093e+01	   4.0560926e-01	   6.1851504e+01	   6.4031898e-02	   1.9730963e+01	   4.1009481e-01	   2.0952210e+02	   2.2270854e-01	   6.2856629e+02	
   8.6800000e+02	   4.8460664e-01	   5.2283690e+01	   4.0673299e-01	   6.1819294e+01	   6.4012322e-02	   1.9681044e+01	   4.1119546e-01	   2.0907879e+02	   2.2325023e-01	   6.2723637e+02	
   8.6900000e+02	   4.8527138e-01	   5.2209477e+01	   4.0864166e-01	   6.1787137e+01	   6.4814917e-02	   1.9631308e+01	   4.1307905e-01	   2.0863693e+02	   2.2454611e-01	   6.2591079e+02	
   8.7000000e+02	   4.8560483e-01	   5.2135455e+01	   4.1022997e-01	   6.1755034e+01	   6.5265154e-02	   1.9581755e+01	   4.1465772e-01	   2.0819651e+02	   2.2553408e-01	   6.2458953e+02	
   8.7100000e+02	   4.8564257e-01	   5.2061623e+01	   4.1151040e-01	   6.1722985e+01	   6.5421758e-02	   1.9532384e+01	   4.1594175e-01	   2.0775753e+02	   2.2624518e-01	   6.2327258e+02	
   8.7200000e+02	   4.8540232e-01	   5.1987980e+01	   4.1250330e-01	   6.1690989e+01	   6.5323881e-02	   1.9483194e+01	   4.1695210e-01	   2.0731997e+02	   2.2670717e-01	   6.2195990e+02	
   8.7300000e+02	   4.8571908e-01	   5.1914525e+01	   4.1405316e-01	   6.1659046e+01	   6.5852419e-02	   1.9434184e+01	   4.1852169e-01	   2.0688383e+02	   2.2772515e-01	   6.2065149e+02	
   8.7400000e+02	   4.8602803e-01	   5.1841258e+01	   4.1560429e-01	   6.1627157e+01	   6.6283080e-02	   1.9385354e+01	   4.2007837e-01	   2.0644911e+02	   2.2869348e-01	   6.1934733e+02	
   8.7500000e+02	   4.8611072e-01	   5.1768178e+01	   4.1691124e-01	   6.1595320e+01	   6.6517986e-02	   1.9336701e+01	   4.2140012e-01	   2.0601580e+02	   2.2945799e-01	   6.1804739e+02	
   8.7600000e+02	   4.8593083e-01	   5.1695285e+01	   4.1794063e-01	   6.1563536e+01	   6.6557137e-02	   1.9288226e+01	   4.2246209e-01	   2.0558389e+02	   2.3000625e-01	   6.1675167e+02	
   8.7700000e+02	   4.8654583e-01	   5.1622577e+01	   4.1978451e-01	   6.1531805e+01	   6.7398884e-02	   1.9239928e+01	   4.2432763e-01	   2.0515338e+02	   2.3131038e-01	   6.1546013e+02	
   8.7800000e+02	   4.8673395e-01	   5.1550054e+01	   4.2118920e-01	   6.1500127e+01	   6.7770818e-02	   1.9191805e+01	   4.2575432e-01	   2.0472425e+02	   2.3218782e-01	   6.1417276e+02	
   8.7900000e+02	   4.8728220e-01	   5.1477715e+01	   4.2294858e-01	   6.1468500e+01	   6.8592989e-02	   1.9143857e+01	   4.2754691e-01	   2.0429652e+02	   2.3344683e-01	   6.1288955e+02	
   8.8000000e+02	   4.8715345e-01	   5.1405560e+01	   4.2400828e-01	   6.1436926e+01	   6.8671291e-02	   1.9096084e+01	   4.2863690e-01	   2.0387016e+02	   2.3402637e-01	   6.1161048e+02	
   8.8100000e+02	   4.8711901e-01	   5.1333587e+01	   4.2517287e-01	   6.1405404e+01	   6.8827895e-02	   1.9048483e+01	   4.2982445e-01	   2.0344517e+02	   2.3468924e-01	   6.1033552e+02	
   8.8200000e+02	   4.8801540e-01	   5.1261797e+01	   4.2724207e-01	   6.1373934e+01	   7.0100303e-02	   1.9001055e+01	   4.3192126e-01	   2.0302155e+02	   2.3629900e-01	   6.0906466e+02	
   8.8300000e+02	   4.8801611e-01	   5.1190189e+01	   4.2842784e-01	   6.1342515e+01	   7.0315633e-02	   1.8953799e+01	   4.3313397e-01	   2.0259929e+02	   2.3700035e-01	   6.0779788e+02	
   8.8400000e+02	   4.8868391e-01	   5.1118761e+01	   4.3029493e-01	   6.1311148e+01	   7.1235681e-02	   1.8906714e+01	   4.3502598e-01	   2.0217839e+02	   2.3835226e-01	   6.0653517e+02	
   8.8500000e+02	   4.8860779e-01	   5.1047514e+01	   4.3138807e-01	   6.1279833e+01	   7.1392285e-02	   1.8859798e+01	   4.3615132e-01	   2.0175883e+02	   2.3898402e-01	   6.0527650e+02	
   8.8600000e+02	   4.8862143e-01	   5.0976446e+01	   4.3255722e-01	   6.1248569e+01	   7.1705493e-02	   1.8813052e+01	   4.3737041e-01	   2.0134062e+02	   2.3973175e-01	   6.0402186e+02	
   8.8700000e+02	   4.8849699e-01	   5.0905558e+01	   4.3359967e-01	   6.1217356e+01	   7.1764220e-02	   1.8766474e+01	   4.3844729e-01	   2.0092374e+02	   2.4029610e-01	   6.0277123e+02	
   8.8800000e+02	   4.8833826e-01	   5.0834847e+01	   4.3458275e-01	   6.1186194e+01	   7.1901249e-02	   1.8720064e+01	   4.3948427e-01	   2.0050820e+02	   2.4087504e-01	   6.0152460e+02	
   8.8900000e+02	   4.8902229e-01	   5.0764314e+01	   4.3639037e-01	   6.1155083e+01	   7.3017052e-02	   1.8673821e+01	   4.4134515e-01	   2.0009398e+02	   2.4229775e-01	   6.0028195e+02	
   8.9000000e+02	   4.9032816e-01	   5.0693958e+01	   4.3883127e-01	   6.1124023e+01	   7.4739696e-02	   1.8627743e+01	   4.4382382e-01	   1.9968108e+02	   2.4429707e-01	   5.9904325e+02	
