552.392970000000	0.0939626410945920
556.755200000000	0.0828001840576695
562.571510000000	0.0828897691458533
566.933750000000	0.0928671584450438
569.841910000000	0.107826040946030
573.234750000000	0.126585270282669
578.566380000000	0.124853380230296
581.474530000000	0.106057341422107
583.413300000000	0.0920740590784703
584.867380000000	0.0726898331770551
586.321460000000	0.0610778972629712
586.806150000000	0.0515888619999782
588.260230000000	0.0421997118041982
589.229620000000	0.0359844624634194
590.199000000000	0.0312205906649637
591.168390000000	0.0272756702383735
592.622470000000	0.0227839412356818
594.076540000000	0.0187311026218012
595.045930000000	0.0153486998094509
596.015320000000	0.0130881154447820
596.984700000000	0.0111450238121269
597.954090000000	0.00975027741117178
599.892860000000	0.00812765525942391
601.346940000000	0.00697993848794711
602.801010000000	0.00594158647379569
603.770400000000	0.00507000962790202
605.709170000000	0.00430754386702247
608.617330000000	0.00378735537868120
611.525480000000	0.00330871831679292
614.433640000000	0.00289390923184855
617.341800000000	0.00253227319984795
620.249950000000	0.00218332647509115
623.158110000000	0.00191844459537471
626.550960000000	0.00167414883704516
629.943810000000	0.00144069573003934
632.851970000000	0.00128802238710987
637.214200000000	0.00113435457021430
642.545820000000	0.00101528539952975
648.168260000000	0.000916930756506477
650	0.000890640000000000
651	0.000873150000000000
652	0.000856800000000000
653	0.000842300000000000
654	0.000828950000000000
655	0.000816060000000000
656	0.000804550000000000
657	0.000794420000000000
658	0.000784980000000000
659	0.000777160000000000
660	0.000770250000000000
661	0.000763800000000000
662	0.000758280000000000
663	0.000754140000000000
664	0.000750450000000000
665	0.000747000000000000
666	0.000744470000000000
667	0.000742860000000000
668	0.000741240000000000
669	0.000740320000000000
670	0.000739630000000000
671	0.000739400000000000
672	0.000739400000000000
673	0.000739860000000000
674	0.000739860000000000
675	0.000739170000000000
676	0.000738480000000000
677	0.000738020000000000
678	0.000737790000000000
679	0.000736870000000000
680	0.000735260000000000
681	0.000733420000000000
682	0.000732270000000000
683	0.000730420000000000
684	0.000728120000000000
685	0.000726740000000000
686	0.000725360000000000
687	0.000722830000000000
688	0.000721680000000000
689	0.000719610000000000
690	0.000718910000000000
691	0.000718680000000000
692	0.000718680000000000
693	0.000718910000000000
694	0.000719380000000000
695	0.000720530000000000
696	0.000722830000000000
697	0.000724670000000000
698	0.000728350000000000
699	0.000732270000000000
700	0.000736410000000000
701	0.000741010000000000
702	0.000746540000000000
703	0.000752520000000000
704	0.000758740000000000
705	0.000764950000000000
706	0.000771630000000000
707	0.000779460000000000
708	0.000786820000000000
709	0.000794190000000000
710	0.000802250000000000
711	0.000811220000000000
712	0.000820430000000000
713	0.000829180000000000
714	0.000837700000000000
715	0.000847140000000000
716	0.000857260000000000
717	0.000866700000000000
718	0.000876370000000000
719	0.000887190000000000
720	0.000897550000000000
721	0.000907680000000000
722	0.000918040000000000
723	0.000928860000000000
724	0.000939910000000000
725	0.000951420000000000
726	0.000962470000000000
727	0.000973750000000000
728	0.000985490000000000
729	0.000997230000000000
730	0.00100890000000000
731	0.00102090000000000
732	0.00103310000000000
733	0.00104510000000000
734	0.00105730000000000
735	0.00106950000000000
736	0.00108190000000000
737	0.00109430000000000
738	0.00110740000000000
739	0.00111990000000000
740	0.00113250000000000
741	0.00114540000000000
742	0.00115830000000000
743	0.00117140000000000
744	0.00118480000000000
745	0.00119770000000000
746	0.00121060000000000
747	0.00122400000000000
748	0.00123760000000000
749	0.00125140000000000
750	0.00126490000000000
751	0.00127850000000000
752	0.00129210000000000
753	0.00130570000000000
754	0.00131930000000000
755	0.00133310000000000
756	0.00134810000000000
757	0.00136090000000000
758	0.00137520000000000
759	0.00138830000000000
760	0.00140330000000000
761	0.00141730000000000
762	0.00143160000000000
763	0.00144630000000000
764	0.00146060000000000
765	0.00147490000000000
766	0.00148920000000000
767	0.00150440000000000
768	0.00151840000000000
769	0.00153270000000000
770	0.00154690000000000
771	0.00156190000000000
772	0.00157660000000000
773	0.00159090000000000
774	0.00160540000000000
775	0.00162010000000000
776	0.00163470000000000
777	0.00164960000000000
778	0.00166410000000000
779	0.00167980000000000
780	0.00169430000000000
781	0.00170850000000000
782	0.00172300000000000
783	0.00173780000000000
784	0.00175250000000000
785	0.00176820000000000
786	0.00178240000000000
787	0.00179740000000000
788	0.00181260000000000
789	0.00182800000000000
790	0.00184280000000000
791	0.00185770000000000
792	0.00187240000000000
793	0.00188690000000000
794	0.00190240000000000
795	0.00191760000000000
796	0.00193180000000000
797	0.00194700000000000
798	0.00196220000000000
799	0.00197700000000000
800	0.00199190000000000
801	0.00200640000000000
802	0.00202120000000000
803	0.00203610000000000
804	0.00205090000000000
805	0.00206560000000000
806	0.00208050000000000
807	0.00209530000000000
808	0.00210960000000000
809	0.00212410000000000
810	0.00213880000000000
811	0.00215330000000000
812	0.00216760000000000
813	0.00218180000000000
814	0.00219590000000000
815	0.00221060000000000
816	0.00222510000000000
817	0.00223940000000000
818	0.00225340000000000
819	0.00226700000000000
820	0.00228150000000000
821	0.00229580000000000
822	0.00230940000000000
823	0.00232290000000000
824	0.00233720000000000
825	0.00235060000000000
826	0.00236480000000000
827	0.00237870000000000
828	0.00239250000000000
829	0.00240540000000000
830	0.00241870000000000
831	0.00243180000000000
832	0.00244500000000000
833	0.00245850000000000
834	0.00247210000000000
835	0.00248550000000000
836	0.00249790000000000
837	0.00251080000000000
838	0.00252350000000000
839	0.00253630000000000
840	0.00254880000000000
841	0.00256170000000000
842	0.00257410000000000
843	0.00258580000000000
844	0.00259800000000000
845	0.00261020000000000
846	0.00262220000000000
847	0.00263390000000000
848	0.00264590000000000
849	0.00265810000000000
850	0.00266940000000000
851	0.00268070000000000
852	0.00269200000000000
853	0.00270300000000000
854	0.00271410000000000
855	0.00272600000000000
856	0.00273590000000000
857	0.00274720000000000
858	0.00275780000000000
859	0.00276840000000000
860	0.00277870000000000
861	0.00278860000000000
862	0.00279830000000000
863	0.00280840000000000
864	0.00281880000000000
865	0.00282820000000000
866	0.00283720000000000
867	0.00284690000000000
868	0.00285610000000000
869	0.00286580000000000
870	0.00287520000000000
871	0.00288420000000000
872	0.00289250000000000
873	0.00290080000000000
874	0.00291000000000000
875	0.00291850000000000
876	0.00292580000000000
877	0.00293410000000000
878	0.00294220000000000
879	0.00294980000000000
880	0.00295710000000000
881	0.00296450000000000
882	0.00297120000000000
883	0.00297830000000000
884	0.00298590000000000
885	0.00299260000000000
886	0.00299880000000000
887	0.00300600000000000
888	0.00301190000000000
889	0.00301750000000000
890	0.00302410000000000
891	0.00303060000000000
892	0.00303610000000000
893	0.00304090000000000
894	0.00304670000000000
895	0.00305290000000000
896	0.00305770000000000
897	0.00306260000000000
898	0.00306700000000000
899	0.00307110000000000
900	0.00307660000000000
901	0.00308120000000000
902	0.00308540000000000
903	0.00308930000000000
904	0.00309270000000000
905	0.00309670000000000
906	0.00310010000000000
907	0.00310260000000000
908	0.00310680000000000
909	0.00310930000000000
910	0.00311090000000000
911	0.00311410000000000
912	0.00311740000000000
913	0.00311990000000000
914	0.00312200000000000
915	0.00312380000000000
916	0.00312570000000000
917	0.00312660000000000
918	0.00312770000000000
919	0.00312730000000000
920	0.00312840000000000
921	0.00313030000000000
922	0.00313120000000000
923	0.00313120000000000
924	0.00313120000000000
925	0.00313120000000000
926	0.00313160000000000
927	0.00313140000000000
928	0.00313050000000000
929	0.00313070000000000
930	0.00312960000000000
931	0.00312910000000000
932	0.00312840000000000
933	0.00312700000000000
934	0.00312540000000000
935	0.00312360000000000
936	0.00312080000000000
937	0.00311900000000000
938	0.00311810000000000
939	0.00311530000000000
940	0.00311230000000000
941	0.00311020000000000
942	0.00310820000000000
943	0.00310470000000000
944	0.00310030000000000
945	0.00309690000000000
946	0.00309500000000000
947	0.00309110000000000
948	0.00308700000000000
949	0.00308330000000000
950	0.00307870000000000
951	0.00307410000000000
952	0.00306900000000000
953	0.00306470000000000
954	0.00306000000000000
955	0.00305310000000000
956	0.00304780000000000
957	0.00304260000000000
958	0.00303840000000000
959	0.00303220000000000
960	0.00302570000000000
961	0.00302090000000000
962	0.00301540000000000
963	0.00300870000000000
964	0.00300230000000000
965	0.00299670000000000
966	0.00299140000000000
967	0.00298480000000000
968	0.00297600000000000
969	0.00296960000000000
970	0.00296220000000000
971	0.00295530000000000
972	0.00294820000000000
973	0.00294030000000000
974	0.00293160000000000
975	0.00292170000000000
976	0.00291340000000000
977	0.00290600000000000
978	0.00289820000000000
979	0.00288880000000000
980	0.00288050000000000
981	0.00287060000000000
982	0.00286140000000000
983	0.00285290000000000
984	0.00284320000000000
985	0.00283260000000000
986	0.00282230000000000
987	0.00281280000000000
988	0.00280220000000000
989	0.00279300000000000
990	0.00278240000000000
991	0.00277230000000000
992	0.00276060000000000
993	0.00274840000000000
994	0.00273780000000000
995	0.00272740000000000
996	0.00271380000000000
997	0.00270090000000000
998	0.00269200000000000
999	0.00267880000000000
1000	0.00266480000000000
1001	0.00265400000000000
1002	0.00264180000000000
1003	0.00262840000000000
1004	0.00261530000000000
1005	0.00260170000000000
1006	0.00259040000000000
1007	0.00257850000000000
1008	0.00256350000000000
1009	0.00255020000000000
1010	0.00253400000000000
1011	0.00252050000000000
1012	0.00250690000000000
1013	0.00249150000000000
1014	0.00247650000000000
1015	0.00246410000000000
1016	0.00245160000000000
1017	0.00243550000000000
1018	0.00241760000000000
1019	0.00240560000000000
1020	0.00238900000000000
1021	0.00237310000000000
1022	0.00235770000000000
1023	0.00234160000000000
1024	0.00232480000000000
1025	0.00230890000000000
1026	0.00229580000000000
1027	0.00227690000000000
1028	0.00226450000000000
1029	0.00224190000000000
1030	0.00222470000000000
1031	0.00220990000000000
1032	0.00219080000000000
1033	0.00216730000000000
1034	0.00214680000000000
1035	0.00213330000000000
1036	0.00211780000000000
1037	0.00209920000000000
1038	0.00208220000000000
1039	0.00205870000000000
1040	0.00204370000000000
1041	0.00202180000000000
1042	0.00199610000000000
1044.35610000000	0.00197639336070974
1050.26940000000	0.00192157701947859
1055.98880000000	0.00187282055830869
1061.80510000000	0.00179956333495120
1067.62140000000	0.00172917163396555
1073.43770000000	0.00164435931819507
1079.25400000000	0.00159930788712895
1085.07030000000	0.00152350107342974
1090.88660000000	0.00144376759085098
1096.70300000000	0.00139693590314262